"Status","Start Time","Stop Time","Duration in ms","Parent Suite","Suite","Sub Suite","Test Class","Test Method","Name","Description"
"passed","Sun Jul 09 10:17:38 GMT 2023","Sun Jul 09 10:17:38 GMT 2023","1","","","","","","Valid Login, Logout, and invalid Login NORMAL",""
"passed","Sun Jul 09 10:17:38 GMT 2023","Sun Jul 09 10:17:38 GMT 2023","0","","","","","","Valid Login, Logout, and invalid Login LOW",""
"passed","Sun Jul 09 10:17:36 GMT 2023","Sun Jul 09 10:17:36 GMT 2023","0","","","","","","Sign Up valid",""
"passed","Sun Jul 09 10:17:36 GMT 2023","Sun Jul 09 10:17:36 GMT 2023","0","","","","","","Valid Login, Logout, and invalid Login",""
