"Status","Start Time","Stop Time","Duration in ms","Parent Suite","Suite","Sub Suite","Test Class","Test Method","Name","Description"
"passed","Thu Jul 13 10:18:45 GMT 2023","Thu Jul 13 10:18:45 GMT 2023","1","","","","","","Valid Login, Logout, and invalid Login LOW",""
"passed","Thu Jul 13 10:18:45 GMT 2023","Thu Jul 13 10:18:45 GMT 2023","1","","","","","","Valid Login, Logout, and invalid Login NORMAL",""
"passed","Thu Jul 13 10:18:41 GMT 2023","Thu Jul 13 10:18:41 GMT 2023","1","","","","","","Sign Up valid",""
"passed","Thu Jul 13 10:18:44 GMT 2023","Thu Jul 13 10:18:44 GMT 2023","1","","","","","","Valid Login, Logout, and invalid Login",""
